51 52 62
32 33 51
57 67 66
54 64 53
46 45 26
41 40 30
19 38 18
45 48 44
39 40 41
23 24 44
41 38 39
62 61 50
52 34 53
49 4 32
2 37 42
62 67 59
55 13 12
66 54 56
59 58 8
36 53 35
64 67 63
43 29 28
24 20 25
55 47 15
20 38 19
1 37 2
18 38 37
21 38 20
21 39 38
21 22 39
39 22 40
45 25 26
35 31 36
40 22 28
28 29 40
35 34 31
31 30 36
31 32 41
30 29 43
30 40 29
18 37 1
32 42 41
37 38 42
31 41 30
42 38 41
2 42 32
32 50 49
60 49 61
4 3 32
49 5 4
49 6 5
49 60 6
58 57 9
7 6 60
60 59 7
7 59 8
60 62 59
49 50 61
54 53 36
2 32 3
31 33 32
32 51 50
34 35 53
61 62 60
50 51 62
64 52 53
51 33 34
62 63 67
62 52 63
67 64 66
63 52 64
67 58 59
57 10 9
58 9 8
67 57 58
55 36 47
57 56 10
55 54 36
55 56 65
55 11 56
66 64 54
10 56 11
57 66 56
12 11 55
56 54 65
13 55 14
65 54 55
46 47 45
36 30 43
55 15 14
47 16 15
51 34 52
33 31 34
23 43 28
48 36 43
23 44 43
47 36 48
22 23 28
22 21 23
21 24 23
21 20 24
43 44 48
24 25 44
48 45 47
44 25 45
17 46 27
16 47 46
46 26 27
46 17 16
