50.823768615722656 144.03289794921875
54.19224166870117 164.8914794921875
59.562042236328125 184.43768310546875
68.547607421875 202.22146606445312
82.34452056884766 217.2199249267578
100.07903289794922 229.3927459716797
119.70919036865234 239.062744140625
140.10208129882812 241.60708618164062
157.61131286621094 237.28823852539062
171.3175506591797 225.08815002441406
182.98471069335938 211.3112335205078
191.83126831054688 195.87139892578125
197.3612823486328 179.0791778564453
201.1071319580078 161.4103546142578
203.27749633789062 144.00625610351562
203.17520141601562 126.66943359375
75.11360168457031 108.09143829345703
87.59446716308594 102.07244873046875
101.35283660888672 100.85334014892578
115.00265502929688 103.43025970458984
128.14447021484375 107.69667053222656
160.56495666503906 108.3367919921875
170.71762084960938 103.84027862548828
180.3089599609375 100.63833618164062
190.29283142089844 99.05988311767578
198.6752471923828 102.73391723632812
146.12062072753906 125.07439422607422
147.39122009277344 135.66827392578125
148.8616485595703 146.13963317871094
150.38870239257812 156.88168334960938
133.3347625732422 169.2938232421875
140.80108642578125 170.399169921875
148.0201416015625 171.6720733642578
154.0969696044922 170.17320251464844
159.41944885253906 168.41693115234375
92.73497772216797 127.74532318115234
102.59464263916016 123.08466339111328
113.45951080322266 122.94696044921875
121.69698333740234 129.53756713867188
112.78656768798828 132.34194946289062
102.02157592773438 132.3616485595703
161.78021240234375 129.26036071777344
170.02252197265625 122.67607879638672
179.73667907714844 122.17068481445312
186.94515991210938 126.51915740966797
180.81240844726562 131.21722412109375
171.2095184326172 131.6795196533203
116.32011413574219 198.2942352294922
128.96104431152344 190.4567108154297
140.74298095703125 185.9198760986328
147.20570373535156 187.55490112304688
153.41494750976562 185.74354553222656
161.43936157226562 189.6687774658203
167.7279510498047 196.74923706054688
161.48275756835938 208.03317260742188
153.82656860351562 212.6536407470703
146.9224853515625 213.85104370117188
139.695556640625 213.6787109375
128.23837280273438 209.64344787597656
121.77113342285156 198.35525512695312
140.4842529296875 194.7315673828125
147.0196990966797 194.91873168945312
153.33685302734375 194.43096923828125
163.1821746826172 197.2880401611328
153.4673614501953 200.7123565673828
146.98362731933594 201.69100952148438
140.3697967529297 201.34649658203125
