41.56983184814453 139.03225708007812
40.64374923706055 156.2886199951172
43.48209762573242 173.2095947265625
49.109092712402344 189.71461486816406
57.78557205200195 205.68406677246094
67.83668518066406 221.01478576660156
77.7443618774414 235.74769592285156
95.35321044921875 242.23574829101562
117.48450469970703 241.8880615234375
141.34092712402344 234.56893920898438
164.86459350585938 224.1923828125
185.42103576660156 210.7462921142578
199.990234375 193.30514526367188
208.97726440429688 172.4114227294922
214.3697967529297 151.6297607421875
218.99693298339844 130.03855895996094
46.58716583251953 105.35102844238281
53.358089447021484 97.3382797241211
64.84033966064453 96.11687469482422
76.82423400878906 98.79351806640625
86.69756317138672 104.41432189941406
111.26769256591797 103.83238220214844
128.8662872314453 99.3023681640625
147.66317749023438 99.37376403808594
165.25328063964844 105.27739715576172
178.6677703857422 115.45699310302734
96.44489288330078 118.64720153808594
92.797119140625 130.2637176513672
88.85783386230469 141.8171844482422
84.88585662841797 153.80174255371094
74.97978210449219 161.7217559814453
81.69859313964844 165.70721435546875
89.66304779052734 168.59048461914062
100.32098388671875 166.66519165039062
110.47587585449219 164.90745544433594
57.68254852294922 119.1739730834961
65.1544189453125 114.38905334472656
75.36198425292969 115.51824188232422
83.9501953125 122.43798065185547
74.48365020751953 123.00717163085938
64.28439331054688 122.45850372314453
125.89746856689453 124.33562469482422
136.2190399169922 118.07365417480469
147.23797607421875 118.98065185546875
157.3685302734375 124.43372344970703
147.4807586669922 126.41443634033203
136.42373657226562 126.10394287109375
66.36066436767578 182.77572631835938
73.71916961669922 179.5247344970703
83.89215850830078 179.11805725097656
92.25031280517578 181.4044952392578
104.13285827636719 180.4256134033203
123.55596160888672 182.90921020507812
143.55914306640625 187.1069793701172
124.27290344238281 202.0106201171875
104.79486083984375 207.20721435546875
92.61018371582031 207.2442169189453
83.20695495605469 205.14805603027344
73.50660705566406 197.9352569580078
71.09354400634766 184.36654663085938
83.87495422363281 184.14987182617188
92.37361907958984 185.70851135253906
104.2945785522461 185.60166931152344
139.0441131591797 187.9150848388672
104.48660278320312 198.4239501953125
92.5948486328125 198.21144104003906
83.6475830078125 195.9359893798828
