57 65 56
39 38 21
41 31 1
41 36 37
46 47 44
37 38 40
39 40 38
39 21 27
41 37 40
37 18 19
1 36 41
62 66 67
3 2 31
51 61 50
60 59 48
61 62 67
47 54 35
55 54 11
56 55 9
51 33 34
48 4 3
34 30 29
42 22 23
54 45 14
20 38 37
18 37 17
30 41 40
30 31 41
20 21 38
17 37 36
19 20 37
23 22 20
22 21 20
29 30 40
60 49 61
39 29 40
50 61 49
27 28 39
33 32 30
28 29 39
35 34 29
17 36 1
58 6 59
1 31 2
30 32 31
31 48 3
49 60 48
59 67 58
31 49 48
61 67 60
48 5 4
59 6 5
48 59 5
60 67 59
58 7 6
66 58 67
66 57 58
58 57 7
66 63 65
32 49 31
32 50 49
33 50 32
33 51 50
52 51 34
62 61 51
52 63 51
51 63 62
52 34 35
33 30 34
53 52 35
63 66 62
53 63 52
53 65 63
57 8 7
66 65 57
55 10 9
57 56 8
65 53 55
56 9 8
55 11 10
55 64 54
65 55 56
53 64 55
35 54 53
54 12 11
53 54 64
14 13 54
54 13 12
28 42 35
26 16 15
45 15 14
45 26 15
42 28 27
35 29 28
21 22 27
46 54 47
43 44 47
45 54 46
19 23 20
23 43 42
22 42 27
47 35 42
25 44 24
44 45 46
42 43 47
43 24 44
23 24 43
25 45 44
23 19 24
25 26 45
25 16 26
