92.43730926513672 168.63042449951172
93.77833557128906 195.6010513305664
98.75638580322266 221.83927154541016
106.08700561523438 246.93958282470703
116.6636962890625 270.6475296020508
133.07207489013672 290.69055938720703
152.82022094726562 306.47979736328125
173.32376098632812 317.9962463378906
196.55885314941406 319.7901153564453
220.70358276367188 314.52996826171875
245.850341796875 301.13494873046875
270.88983154296875 283.5975570678711
290.5040283203125 261.5700225830078
302.3536071777344 234.18856811523438
308.2508850097656 203.99282836914062
311.3592224121094 174.78155517578125
312.68890380859375 145.52120971679688
96.31631469726562 135.69905853271484
105.65116882324219 121.8039321899414
121.98632049560547 116.06524658203125
139.59457397460938 116.7032241821289
155.6309051513672 122.41552734375
194.3424530029297 117.79191589355469
215.23709106445312 107.82975387573242
237.67977905273438 103.94747161865234
260.6115417480469 108.4083251953125
278.5411071777344 120.83052062988281
176.8323974609375 144.71649169921875
176.19566345214844 161.56249237060547
175.26699829101562 178.24480438232422
174.4145050048828 195.4412384033203
162.4187469482422 216.33824920654297
171.25161743164062 217.61734771728516
180.03529357910156 218.42547607421875
190.22137451171875 215.6767349243164
199.98321533203125 213.08275604248047
117.3011245727539 158.2757339477539
127.40338897705078 149.18946075439453
142.13145446777344 147.9260025024414
156.17413330078125 156.9004364013672
143.1534881591797 160.83175659179688
128.38202667236328 162.49546813964844
211.3595733642578 150.70303344726562
224.7459259033203 139.38098907470703
240.18736267089844 138.30694580078125
254.0997314453125 144.7451171875
242.47853088378906 150.6574935913086
227.0098114013672 152.28351593017578
149.12332153320312 252.6181640625
161.11647033691406 243.73432159423828
173.27610778808594 237.6905975341797
182.66656494140625 239.4971923828125
192.809814453125 235.94911193847656
211.13497924804688 239.7159881591797
232.4190216064453 244.64220428466797
214.23377990722656 258.1495666503906
198.17718505859375 264.6744918823242
187.061767578125 266.82642364501953
176.83450317382812 266.7920608520508
163.78863525390625 263.2919921875
155.6154327392578 252.49759674072266
174.6690673828125 250.1310577392578
184.18592834472656 250.17910766601562
194.77273559570312 248.2833023071289
225.52902221679688 246.13483428955078
195.41664123535156 248.66980743408203
184.81602478027344 250.4796142578125
