46.66962432861328 83.32708740234375
47.152042388916016 96.8031234741211
49.271514892578125 110.04383850097656
52.354400634765625 122.98648071289062
56.91786575317383 135.51158905029297
64.64666748046875 146.3117446899414
74.76407623291016 154.71678161621094
85.67890930175781 160.86366271972656
98.02263641357422 162.0398712158203
111.18052673339844 159.81393432617188
124.8753662109375 153.36582946777344
138.18569946289062 144.56298065185547
148.2915496826172 133.2159652709961
154.3459014892578 119.00923919677734
157.39659118652344 103.76339721679688
159.0676727294922 88.89983367919922
159.88082885742188 73.98614501953125
49.49863052368164 67.95307159423828
54.460044860839844 60.314632415771484
63.3328971862793 57.15176773071289
72.9444351196289 57.78837585449219
81.32666015625 61.438446044921875
96.57192993164062 59.24282455444336
107.3071517944336 53.73677062988281
119.18710327148438 51.63284683227539
131.30657958984375 54.04930877685547
140.85488891601562 60.7823600769043
90.0259780883789 72.49909210205078
89.62749481201172 81.28411102294922
89.07464599609375 89.97691345214844
88.56658172607422 98.94894409179688
81.86934661865234 109.20555114746094
86.45797729492188 110.20201110839844
91.01167297363281 110.87383270263672
96.420654296875 109.54110717773438
101.52867889404297 108.19316864013672
60.19901657104492 79.11392211914062
65.2614974975586 74.84542846679688
72.4580307006836 74.24372863769531
79.47455596923828 78.6557846069336
73.01541137695312 80.39351654052734
65.7896957397461 81.15034484863281
106.87123107910156 75.94879913330078
113.74015045166016 70.58531188964844
121.36077117919922 70.1347885131836
128.2978515625 73.30977630615234
122.42147827148438 75.99398040771484
114.74951171875 76.73311614990234
75.01262664794922 127.53319549560547
81.15663146972656 123.1864013671875
87.11634826660156 120.3316879272461
91.8776626586914 121.42310333251953
97.13441467285156 119.81045532226562
106.1940689086914 121.96654510498047
116.79407501220703 124.83499908447266
107.46249389648438 130.87494659423828
99.46228790283203 133.77227783203125
93.7657699584961 134.62344360351562
88.55524444580078 134.35132598876953
82.25889587402344 132.5861358642578
78.2802963256836 127.45328521728516
87.6884994506836 126.53929138183594
92.53938293457031 126.71208953857422
98.00772094726562 125.97297668457031
113.19022369384766 125.45995330810547
98.248291015625 125.98513793945312
92.77622985839844 126.73875427246094
