46.39386749267578 82.751953125
47.04843521118164 96.58475494384766
49.430145263671875 110.0776596069336
52.77644348144531 123.21011352539062
57.57370376586914 135.8209228515625
65.44155883789062 146.6866455078125
75.5180892944336 155.1650390625
86.44654846191406 161.2346649169922
98.90520477294922 162.25584411621094
112.12788391113281 159.76055908203125
125.69110107421875 152.9857635498047
138.72891235351562 143.92891693115234
148.58509826660156 132.40972900390625
154.3954620361328 118.24061584472656
157.3411407470703 103.08220672607422
159.0115509033203 88.32223510742188
159.81396484375 73.41844177246094
49.0814094543457 67.05423736572266
53.981895446777344 59.411537170410156
62.77378463745117 56.11134719848633
72.3520736694336 56.583465576171875
80.79591369628906 60.022422790527344
97.303955078125 57.967891693115234
108.0261001586914 52.62469482421875
119.7786865234375 50.63540267944336
131.75079345703125 53.05816650390625
141.20016479492188 59.69392013549805
90.24712371826172 71.41197204589844
89.91345977783203 80.45162963867188
89.41888427734375 89.38895416259766
88.97132110595703 98.58980560302734
82.3187026977539 108.72647857666016
86.90145874023438 109.73849487304688
91.45887756347656 110.41889953613281
96.83757019042969 109.02420806884766
101.93164825439453 107.60385131835938
59.878170013427734 77.91004943847656
64.9894027709961 73.20793151855469
72.4872055053711 72.64430236816406
79.59000396728516 77.49351501464844
73.00978088378906 79.38151550292969
65.49913787841797 80.15843200683594
107.17927551269531 74.70479583740234
114.06156158447266 68.83312225341797
121.93172454833984 68.35714721679688
128.90655517578125 71.90243530273438
123.05593872070312 74.81079864501953
115.16729736328125 75.57392883300781
75.39627838134766 127.43753814697266
81.45468139648438 122.85520935058594
87.5572509765625 119.92916870117188
92.4094467163086 121.02778625488281
97.72940063476562 119.37174224853516
106.8885269165039 121.5595703125
117.41114044189453 124.58892059326172
108.24502563476562 130.88525390625
100.1737289428711 133.92083740234375
94.38846588134766 134.83092498779297
89.0984115600586 134.59363555908203
82.6256103515625 132.7173309326172
78.70844268798828 127.3304214477539
88.18732452392578 126.26193237304688
93.11552429199219 126.40795135498047
98.65159606933594 125.64977264404297
113.80020904541016 125.22593688964844
98.88870239257812 125.9885482788086
93.3388671875 126.76419830322266
