48.51097869873047 83.25370025634766
49.43507766723633 97.1759033203125
52.179229736328125 110.58366394042969
55.90153503417969 123.50090026855469
60.8682746887207 135.9899673461914
68.56465148925781 146.8047332763672
78.4245376586914 155.4178924560547
89.40815734863281 161.59458923339844
101.9430160522461 162.64785766601562
115.35517883300781 159.66122436523438
128.90293884277344 151.60308837890625
141.64175415039062 141.42359161376953
151.08412170410156 129.0773696899414
156.3213653564453 114.6688003540039
158.8656463623047 99.91454315185547
160.3203582763672 85.74778747558594
160.8453369140625 71.4529037475586
51.533451080322266 67.96875
56.674659729003906 60.34801483154297
65.66422653198242 56.7354850769043
75.53887176513672 57.000244140625
84.34605407714844 60.28156280517578
100.19384765625 58.33842086791992
110.75878143310547 52.84416961669922
122.373291015625 50.61507797241211
134.29217529296875 52.62598419189453
143.43545532226562 59.079524993896484
93.73986053466797 71.55606079101562
93.63648223876953 80.22510528564453
93.42985534667969 88.7574234008789
93.24108123779297 97.5879135131836
86.2961196899414 108.34628295898438
90.84770202636719 109.18675231933594
95.36811828613281 109.78106689453125
100.61601257324219 108.37605285644531
105.47164154052734 106.79618835449219
63.12150192260742 78.9433364868164
68.22661590576172 74.686767578125
75.49431610107422 73.8046875
82.61113739013672 77.7863998413086
76.24749755859375 79.7900161743164
68.9920883178711 80.76405334472656
110.03892517089844 74.48387908935547
116.67052459716797 69.37751770019531
124.2195053100586 68.82240295410156
131.07797241210938 71.68761444091797
125.3529052734375 74.46723175048828
117.78089904785156 75.23595428466797
79.30281829833984 129.3583526611328
84.81684875488281 123.21366882324219
90.9739990234375 119.48165130615234
95.71094512939453 120.59166717529297
100.69221496582031 118.70613861083984
109.27198028564453 121.43146514892578
118.66732025146484 125.48146057128906
110.57221984863281 132.80982208251953
103.17235565185547 136.33226776123047
97.66600799560547 137.43274688720703
92.40209197998047 137.37349700927734
85.89497375488281 135.23548126220703
82.85787200927734 128.95066833496094
91.6610336303711 126.52347564697266
96.46150207519531 126.51506042480469
101.6573486328125 125.67807006835938
115.02861785888672 126.00764465332031
101.85916137695312 127.23733520507812
96.59553527832031 128.16849517822266
