46.64484405517578 83.42528533935547
47.332462310791016 97.11207580566406
49.72801208496094 110.53726959228516
53.03517150878906 123.62956237792969
57.72807693481445 136.2341079711914
65.51582336425781 147.11270904541016
75.57390594482422 155.572021484375
86.46894836425781 161.61317443847656
98.83797454833984 162.6349334716797
112.03446960449219 160.1930389404297
125.69720458984375 153.46502685546875
138.86520385742188 144.4012451171875
148.78773498535156 132.87775421142578
154.6796417236328 118.63937377929688
157.6110076904297 103.40974426269531
159.19981384277344 88.49390411376953
159.96804809570312 73.50199890136719
49.15419387817383 67.91513061523438
53.99999237060547 60.141693115234375
62.85239791870117 56.80827713012695
72.4881362915039 57.29804229736328
80.94015502929688 60.82563018798828
96.30101013183594 58.48250198364258
107.06383514404297 52.984580993652344
118.9503173828125 50.88021469116211
131.05819702148438 53.27930450439453
140.61529541015625 59.99533462524414
89.80774688720703 72.1151351928711
89.4764175415039 81.02913665771484
88.98066711425781 89.84410095214844
88.5383529663086 98.93645477294922
82.0099105834961 109.36746978759766
86.55770874023438 110.34229278564453
91.082763671875 110.98379516601562
96.46409606933594 109.61070251464844
101.54393768310547 108.21793365478516
60.0147819519043 79.12596130371094
65.01433563232422 74.76444244384766
72.24925994873047 74.07978820800781
79.3326644897461 78.45262145996094
72.87882995605469 80.31361389160156
65.62494659423828 81.15605163574219
106.60377502441406 75.4840316772461
113.40082550048828 70.06153106689453
121.07183074951172 69.58263397216797
128.07037353515625 72.73069763183594
122.18353271484375 75.5009536743164
114.472900390625 76.28308868408203
75.36132049560547 128.22471618652344
81.29415893554688 123.67240905761719
87.17427062988281 120.6806411743164
91.94506072998047 121.771728515625
97.18608093261719 120.09213256835938
106.22286224365234 122.2977523803711
116.76213836669922 125.27094268798828
107.60812377929688 131.4198760986328
99.68521881103516 134.38262176513672
94.00037384033203 135.2791290283203
88.79376983642578 135.04154205322266
82.51545715332031 133.26052856445312
78.64318084716797 128.07928466796875
87.82677459716797 127.0221176147461
92.67112731933594 127.15991973876953
98.12796020507812 126.38245391845703
113.13219451904297 125.89863586425781
98.3870849609375 126.44058227539062
92.93153381347656 127.23092651367188
