50.24359893798828 83.00296783447266
50.98662185668945 96.45398712158203
53.39794921875 109.57769012451172
56.942108154296875 122.15653991699219
62.03987503051758 134.1811752319336
70.20710754394531 144.5392074584961
80.65523529052734 152.804443359375
91.8094482421875 158.9733123779297
104.13196563720703 160.01608276367188
116.87577819824219 157.35952758789062
129.83547973632812 150.15830993652344
142.499267578125 140.97663116455078
152.2549591064453 129.73075103759766
158.0872344970703 115.96910858154297
161.0298309326172 101.26424407958984
162.5451202392578 86.86817169189453
162.99563598632812 72.50642395019531
53.84169387817383 67.32992553710938
59.13597869873047 60.285743713378906
67.9212760925293 57.28710174560547
77.4649429321289 57.70726013183594
86.02864074707031 60.927947998046875
104.31086730957031 58.92581558227539
114.70459747314453 53.582679748535156
126.110107421875 51.450923919677734
137.75094604492188 53.601707458496094
146.78936767578125 59.78291702270508
96.09050750732422 72.40044403076172
95.9468765258789 81.21728515625
95.70726013183594 89.89520263671875
95.51111602783203 98.82942962646484
88.47931671142578 109.02721405029297
93.16984558105469 109.76335144042969
97.83578491210938 110.29594421386719
103.16722106933594 108.86622619628906
108.18286895751953 107.3840560913086
64.7934684753418 78.94728088378906
70.0902328491211 74.73616790771484
77.47261810302734 74.1072998046875
84.62158966064453 78.38990020751953
77.94921875 80.25421142578125
70.59403228759766 81.02899169921875
113.03237915039062 75.42030334472656
119.75751495361328 70.02862548828125
127.38567352294922 69.40623474121094
134.25845336914062 72.43194580078125
128.53253173828125 75.25416564941406
120.92668151855469 76.09256744384766
80.8353042602539 127.00403594970703
87.68527221679688 122.9046859741211
94.16015625 120.06843566894531
99.08490753173828 121.02725982666016
104.41389465332031 119.23896026611328
113.51074981689453 120.94110870361328
123.92668914794922 123.12002563476562
114.91860961914062 129.39405059814453
106.83336639404297 132.57654571533203
101.02582550048828 133.62513732910156
95.64917755126953 133.53579711914062
88.81512451171875 131.88320922851562
84.19116973876953 126.96397399902344
94.71001434326172 126.21773529052734
99.74000549316406 126.29869079589844
105.31289672851562 125.3534927368164
120.44478607177734 123.9448013305664
105.59115600585938 124.79646301269531
100.00961303710938 125.76360321044922
