48.508216857910156 83.41848754882812
49.40443801879883 97.39336395263672
52.147979736328125 110.8624038696289
55.880889892578125 123.85482025146484
60.843997955322266 136.42132568359375
68.53634643554688 147.30010223388672
78.40145111083984 155.9585418701172
89.34843444824219 162.15101623535156
101.82463836669922 163.19937133789062
115.15470886230469 160.2449188232422
128.66319274902344 152.25418090820312
141.41812133789062 142.11833953857422
150.91078186035156 129.7897186279297
156.2770233154297 115.33787536621094
158.9239044189453 100.47460174560547
160.4595489501953 86.13098907470703
161.0513916015625 71.67091369628906
51.44296646118164 67.8619384765625
56.54907989501953 60.188106536865234
65.54452133178711 56.59701156616211
75.41522979736328 56.90675354003906
84.19100952148438 60.269317626953125
100.08271789550781 58.26215744018555
110.69049835205078 52.66199493408203
122.38113403320312 50.396846771240234
134.37741088867188 52.43360900878906
143.56951904296875 58.99131393432617
93.59093475341797 71.66444396972656
93.44672393798828 80.46466827392578
93.19137573242188 89.13461303710938
92.95630645751953 98.09025573730469
86.06436920166016 108.78431701660156
90.61195373535156 109.667236328125
95.14662170410156 110.28123474121094
100.42208862304688 108.86390686035156
105.3026351928711 107.27346801757812
62.939449310302734 79.0777359008789
68.04703521728516 74.77867126464844
75.34607696533203 73.91344451904297
82.4924087524414 77.97576141357422
76.08438110351562 79.98472595214844
68.78861236572266 80.94841766357422
109.97592163085938 74.66372680664062
116.6775894165039 69.48287963867188
124.27568817138672 68.91761779785156
131.16397094726562 71.82955932617188
125.41131591796875 74.65803527832031
117.78118896484375 75.43597412109375
79.11678314208984 129.6908721923828
84.66471862792969 123.72270202636719
90.7745361328125 120.05470275878906
95.5083999633789 121.16720581054688
100.50822448730469 119.29613494873047
109.1304702758789 121.97350311279297
118.68224334716797 125.89041900634766
110.44180297851562 133.1964874267578
102.98743438720703 136.68531799316406
97.46671295166016 137.7734146118164
92.21517181396484 137.69503784179688
85.74822998046875 135.55996704101562
82.6422348022461 129.31952667236328
91.46233367919922 127.01847076416016
96.26040649414062 127.02769470214844
101.47349548339844 126.19198608398438
115.04407501220703 126.43819427490234
101.67822265625 127.67022705078125
96.40110778808594 128.59265899658203
