46.978355407714844 83.09944152832031
47.4123420715332 96.23456573486328
49.50038146972656 109.07356262207031
52.70707702636719 121.43333435058594
57.317386627197266 133.3432846069336
64.79637145996094 143.77289581298828
74.4747543334961 152.25575256347656
84.9964599609375 158.7030029296875
97.07263946533203 160.1407012939453
109.97763061523438 157.89749145507812
123.33078002929688 151.26414489746094
136.38912963867188 142.62882232666016
146.61024475097656 131.81805419921875
152.9818878173828 118.24284362792969
156.21885681152344 103.45585632324219
157.94847106933594 88.88324737548828
158.75253295898438 74.24191284179688
49.59000015258789 67.2114028930664
54.615867614746094 60.264156341552734
63.26041793823242 57.550819396972656
72.5390853881836 58.30342102050781
80.75105285644531 61.80229187011719
98.08319091796875 60.11361312866211
108.6296615600586 54.92213439941406
120.22714233398438 52.95448684692383
132.02362060546875 55.29095458984375
141.193359375 61.656864166259766
90.04508209228516 72.96146392822266
89.5782699584961 81.63672637939453
88.98150634765625 90.17640686035156
88.42047882080078 98.97002410888672
81.7765121459961 108.8268814086914
86.28646850585938 109.75715637207031
90.82447814941406 110.43754577636719
96.21356201171875 109.10150909423828
101.30706024169922 107.71693420410156
59.90449142456055 78.73699951171875
65.02559661865234 74.65975189208984
72.22957611083984 74.18620300292969
79.14554595947266 78.58890533447266
72.58576965332031 80.26448822021484
65.41527557373047 80.88538360595703
107.20254516601562 76.20560455322266
113.96125030517578 70.9911117553711
121.54210662841797 70.59754943847656
128.37918090820312 73.73460388183594
122.50747680664062 76.383056640625
114.94692993164062 77.03950500488281
74.69010162353516 126.93689727783203
81.01756286621094 122.77952575683594
87.24806213378906 120.0252456665039
91.90995025634766 121.04411315917969
97.06385803222656 119.41546630859375
106.12808990478516 121.39208984375
116.57880401611328 123.99803924560547
107.41685485839844 130.50054168701172
99.30547332763672 133.61122131347656
93.70174407958984 134.51140594482422
88.55570220947266 134.292724609375
82.03727722167969 132.31150817871094
77.93665313720703 126.93978881835938
87.76146697998047 126.02687072753906
92.52668762207031 126.16680145263672
97.87619018554688 125.37799072265625
113.0849838256836 124.67283630371094
98.16459655761719 125.89009857177734
92.79034423828125 126.6800765991211
