46.739723205566406 83.78559112548828
47.282779693603516 97.39112091064453
49.57994079589844 110.64234924316406
52.916961669921875 123.55934143066406
57.60939407348633 136.09766387939453
65.26631164550781 147.01262664794922
75.16910552978516 155.63307189941406
85.90953063964844 161.96453857421875
98.11075592041016 163.239990234375
111.25303649902344 160.9324493408203
124.89556884765625 154.2524871826172
138.13375854492188 145.30081176757812
148.32115173339844 133.89842987060547
154.51414489746094 119.702392578125
157.61012268066406 104.41984558105469
159.2927703857422 89.38885498046875
160.0887451171875 74.2686767578125
49.443546295166016 68.34601593017578
54.35144805908203 60.74414825439453
63.13460922241211 57.51768493652344
72.69202423095703 58.06095886230469
81.12420654296875 61.512901306152344
96.66824340820312 59.41672134399414
107.39461517333984 54.001373291015625
119.20852661132812 51.91829299926758
131.26834106445312 54.22856903076172
140.77716064453125 60.83072280883789
90.0954360961914 73.00515747070312
89.74237823486328 81.77626037597656
89.23017883300781 90.45653533935547
88.76531219482422 99.40314483642578
82.11260223388672 109.79986572265625
86.6534423828125 110.75435638427734
91.18995666503906 111.41452026367188
96.58241271972656 110.0977783203125
101.66222381591797 108.73330688476562
60.224361419677734 79.66692352294922
65.25939178466797 75.34831237792969
72.50824737548828 74.68417358398438
79.49137115478516 79.11788940429688
73.076904296875 80.93445587158203
65.83281707763672 81.722900390625
106.92520141601562 76.30281829833984
113.69513702392578 70.8702163696289
121.38146209716797 70.42090606689453
128.35183715820312 73.59547424316406
122.473388671875 76.37986755371094
114.76010131835938 77.12547302246094
75.44831085205078 129.1964340209961
81.07662963867188 123.954833984375
87.02378845214844 120.70413970947266
91.82259368896484 121.82843780517578
97.07319641113281 120.17543029785156
106.0779037475586 122.76509857177734
116.21227264404297 126.4343490600586
107.33210754394531 133.1731414794922
99.40987396240234 136.32040405273438
93.68758392333984 137.22328186035156
88.39839935302734 136.95599365234375
82.11920166015625 134.85993194580078
78.82291412353516 128.98587036132812
87.64635467529297 127.3147964477539
92.51202392578125 127.44432067871094
97.96452331542969 126.75234985351562
112.55895233154297 126.9576416015625
98.16099548339844 127.86432647705078
92.682373046875 128.60894775390625
