89.99646759033203 167.31204986572266
90.79434204101562 194.69738006591797
95.39496612548828 221.4109878540039
102.15673828125 247.30291748046875
111.89263916015625 271.93297576904297
127.5433120727539 292.9149856567383
146.82595825195312 309.33299255371094
167.35330200195312 321.145263671875
190.92604064941406 323.0916442871094
215.83425903320312 318.2495574951172
241.64468383789062 305.62464904785156
267.2052001953125 288.4874954223633
287.0238952636719 266.50921630859375
299.04376220703125 238.71084594726562
305.1332092285156 207.80289459228516
308.5669860839844 177.81327056884766
310.4336242675781 147.63987731933594
93.28938293457031 133.60648345947266
102.12478637695312 118.7086410522461
118.41063690185547 112.41451263427734
136.0699005126953 112.97846984863281
151.79417419433594 118.9904556274414
188.586181640625 114.112060546875
209.83761596679688 104.03237915039062
232.73861694335938 100.51573181152344
256.00640869140625 105.81707763671875
274.0279541015625 119.2177734375
172.0096893310547 142.33052825927734
171.0421905517578 159.3459243774414
169.66928100585938 176.20315551757812
168.4024658203125 193.61721801757812
156.90591430664062 215.2212905883789
165.51956176757812 216.67205810546875
174.13267517089844 217.52135467529297
184.2130584716797 215.0217742919922
193.90040588378906 212.6838836669922
113.72046661376953 155.9083251953125
123.61956024169922 145.9043731689453
138.47401428222656 144.77471160888672
152.37481689453125 154.73302459716797
139.40818786621094 158.72643280029297
124.46404266357422 160.3398666381836
206.23892211914062 148.74815368652344
219.7308807373047 136.40306091308594
235.4974822998047 135.54914093017578
249.47515869140625 142.9827423095703
237.74000549316406 149.07061767578125
221.89744567871094 150.57154083251953
144.0094451904297 254.36827850341797
154.8135986328125 243.73815155029297
166.53604125976562 237.01757049560547
175.81773376464844 239.0213851928711
185.86959838867188 235.6092529296875
203.9989471435547 240.54950714111328
224.9725799560547 247.3409423828125
206.9393310546875 260.4961700439453
191.098876953125 266.61035919189453
180.08975219726562 268.64723205566406
169.9774627685547 268.4885559082031
157.45468139648438 264.98858642578125
150.59352111816406 253.8682403564453
167.9531707763672 250.27079010009766
177.34030151367188 250.31281280517578
187.78680419921875 248.71196746826172
217.7505645751953 248.4297103881836
188.34715270996094 250.036376953125
177.8856201171875 251.6202392578125
