46.37042999267578 82.83511352539062
47.073978424072266 96.70381164550781
49.51091003417969 110.20557403564453
52.89453125 123.31352233886719
57.71278762817383 135.87679290771484
65.61337280273438 146.65009307861328
75.7260513305664 155.06497192382812
86.66563415527344 161.0803680419922
99.07921600341797 162.05699157714844
112.20094299316406 159.55955505371094
125.65005493164062 152.8262481689453
138.60476684570312 143.86344146728516
148.42869567871094 132.4591827392578
154.24803161621094 118.37565612792969
157.21250915527344 103.24413299560547
158.9158477783203 88.46321105957031
159.72073364257812 73.51245880126953
49.01399612426758 67.29804229736328
53.87561798095703 59.50243377685547
62.72004318237305 56.09052658081055
72.36597442626953 56.51112365722656
80.85052490234375 59.956077575683594
97.12759399414062 57.82968521118164
107.92569732666016 52.439300537109375
119.76483154296875 50.483524322509766
131.8233642578125 53.019317626953125
141.27694702148438 59.7759895324707
90.21776580810547 71.2717514038086
89.9074935913086 80.40611267089844
89.43150329589844 89.43416595458984
89.00492095947266 98.71430206298828
82.43379974365234 108.76428985595703
87.01020812988281 109.76667785644531
91.55140686035156 110.42041015625
96.89729309082031 109.01110076904297
101.95873260498047 107.56658172607422
59.87372970581055 77.63327026367188
64.99584197998047 72.6757583618164
72.60157012939453 72.15090942382812
79.69324493408203 77.3251953125
73.07998657226562 79.2103042602539
65.45479583740234 79.96942138671875
107.12776184082031 74.44054412841797
114.00800323486328 68.18096160888672
121.98030853271484 67.66656494140625
128.96908569335938 71.45155334472656
123.146484375 74.46708679199219
115.16253662109375 75.27608489990234
75.62409210205078 127.47786712646484
81.65718078613281 122.84254455566406
87.75709533691406 119.84990692138672
92.57628631591797 120.94097137451172
97.84144592285156 119.24993133544922
106.95825958251953 121.45256042480469
117.46595001220703 124.46898651123047
108.365234375 130.70050811767578
100.37285614013672 133.74505615234375
94.63709259033203 134.68903350830078
89.3772201538086 134.4833526611328
82.908447265625 132.66605377197266
78.94329071044922 127.34427642822266
88.40796661376953 126.2125244140625
93.30522155761719 126.33329772949219
98.7899169921875 125.5569839477539
113.8612289428711 125.10554504394531
99.04768371582031 125.82026672363281
93.54684448242188 126.61941528320312
