48.584068298339844 83.30880737304688
49.54106521606445 97.23505401611328
52.350982666015625 110.65426635742188
56.13615417480469 123.62847137451172
61.10019302368164 136.156494140625
68.76072692871094 147.05865478515625
78.5525131225586 155.77713012695312
89.43482971191406 162.0660858154297
101.8943099975586 163.17172241210938
115.26152038574219 160.22515869140625
128.78546142578125 152.24337768554688
141.49447631835938 142.13765716552734
151.00013732910156 129.85287475585938
156.39988708496094 115.47327423095703
159.0759735107422 100.61886596679688
160.6121063232422 86.23614501953125
161.25555419921875 71.71400451660156
51.53744888305664 67.5686264038086
56.55304718017578 59.938201904296875
65.43595504760742 56.30496597290039
75.21373748779297 56.54584503173828
83.93917846679688 59.81083679199219
100.037109375 57.85627365112305
110.59398651123047 52.36896514892578
122.2095947265625 50.1943244934082
134.09585571289062 52.25372314453125
143.26654052734375 58.72219467163086
93.39566802978516 71.59111022949219
93.25824737548828 80.3601303100586
93.00509643554688 88.98822021484375
92.77689361572266 97.90544128417969
86.00565338134766 108.71038055419922
90.49746704101562 109.5771484375
94.98837280273438 110.17218017578125
100.22001647949219 108.78117370605469
105.06304168701172 107.22440338134766
62.98408126831055 79.0595932006836
68.03536224365234 74.79293060302734
75.2707290649414 73.91798400878906
82.36479949951172 77.91938018798828
76.00848388671875 79.9510726928711
68.78499603271484 80.91636657714844
109.70262145996094 74.6336669921875
116.31659698486328 69.5154037475586
123.8838119506836 68.97669982910156
130.78692626953125 71.8491439819336
125.01455688476562 74.656005859375
117.42561340332031 75.42669677734375
79.20488739013672 129.74913787841797
84.62196350097656 123.7261734008789
90.64903259277344 120.04573059082031
95.33428192138672 121.15339660644531
100.26921081542969 119.29964447021484
108.83760833740234 122.02672576904297
118.3522720336914 125.9814453125
110.16317749023438 133.45555877685547
102.7402114868164 136.9669647216797
97.28099822998047 138.0511245727539
92.07686614990234 137.96363067626953
85.68630981445312 135.7569122314453
82.72223663330078 129.38317108154297
91.3473892211914 127.06119537353516
96.09036254882812 127.07052612304688
101.23570251464844 126.24755096435547
114.69994354248047 126.52777862548828
101.42750549316406 127.84888458251953
96.21461486816406 128.756591796875
