93.5568618774414 167.9777603149414
95.04991149902344 194.8570098876953
100.11331939697266 221.0232162475586
107.39788818359375 246.1551284790039
117.92079162597656 269.95948028564453
134.41211700439453 290.2376251220703
154.54220581054688 306.26307678222656
175.45164489746094 318.1470184326172
198.970703125 319.9744873046875
223.19488525390625 314.6870880126953
248.1329345703125 301.29185485839844
272.9007568359375 283.7341842651367
292.2583312988281 261.7167205810547
303.9247741699219 234.3676528930664
309.8046569824219 204.1352081298828
312.9006652832031 174.69408416748047
314.2159118652344 145.24315643310547
97.90557861328125 134.9839859008789
107.22012329101562 120.96593475341797
123.4611587524414 115.03828430175781
141.09352111816406 115.43471145629883
157.17616271972656 120.96287536621094
196.50509643554688 116.05805206298828
217.14488220214844 106.01908111572266
239.3697509765625 102.12267303466797
262.068603515625 106.55022430419922
279.8907775878906 118.8165512084961
178.8499298095703 143.89642333984375
178.3662872314453 160.9399871826172
177.56307983398438 177.80767822265625
176.85633850097656 195.19226837158203
164.79290771484375 216.09134674072266
173.6451416015625 217.3045425415039
182.47100830078125 218.07937622070312
192.54278564453125 215.33189392089844
202.19593811035156 212.77452850341797
119.2413558959961 157.75118255615234
129.29621124267578 148.49137115478516
143.9951934814453 147.16016387939453
158.02606201171875 156.1208267211914
145.04656982421875 160.21165466308594
130.30594635009766 161.9386749267578
213.0634307861328 149.6898193359375
226.23281860351562 138.12425231933594
241.63267517089844 136.97457885742188
255.54629516601562 143.48856353759766
244.02479553222656 149.5230712890625
228.60313415527344 151.22235107421875
151.4598846435547 252.71617126464844
163.46359252929688 243.9233856201172
175.50648498535156 237.89652252197266
184.9334716796875 239.6908950805664
195.0191650390625 236.14537811279297
213.1043701171875 239.84319305419922
234.21728515625 244.58629608154297
216.33888244628906 257.7089538574219
200.49560546875 264.0376663208008
189.43960571289062 266.20149993896484
179.226806640625 266.1837158203125
166.2532501220703 262.97957611083984
157.9796142578125 252.53807830810547
176.9066619873047 250.33089447021484
186.45968627929688 250.38018035888672
196.99903869628906 248.4812240600586
227.2458038330078 246.12942504882812
197.70851135253906 248.0619125366211
187.17486572265625 249.90740203857422
