48.63488006591797 82.56121826171875
49.27627944946289 95.7865982055664
51.49989318847656 108.66212463378906
54.671783447265625 121.18880462646484
59.42966079711914 133.23500061035156
67.33377075195312 143.55170440673828
77.52921295166016 151.6226043701172
88.57147216796875 157.66363525390625
101.07079315185547 158.7528533935547
114.353759765625 156.16229248046875
128.0224151611328 148.8255157470703
141.11056518554688 139.31529998779297
150.8858184814453 127.3847885131836
156.2939910888672 113.21090698242188
158.9134979248047 98.57874298095703
160.3098602294922 84.72139739990234
160.8472900390625 70.92208862304688
51.974185943603516 66.31024932861328
57.137428283691406 59.081504821777344
65.92876815795898 55.838199615478516
75.5376968383789 56.17768859863281
84.07902526855469 59.54449462890625
100.27413940429688 57.73835372924805
110.92635345458984 52.31475067138672
122.5980224609375 50.15266799926758
134.57882690429688 52.37007141113281
143.93722534179688 58.88833236694336
93.42708587646484 70.9400405883789
93.21318817138672 79.69737243652344
92.89894104003906 88.31053161621094
92.61217498779297 97.19912719726562
85.55281829833984 107.33460235595703
90.22712707519531 108.26615142822266
94.82427978515625 108.89173889160156
100.22019958496094 107.46839904785156
105.27655792236328 106.00855255126953
62.871212005615234 77.80509948730469
68.02681732177734 73.72296905517578
75.2498550415039 73.04464721679688
82.37345123291016 77.068359375
75.89764404296875 78.86454010009766
68.64691925048828 79.70085144042969
110.06695556640625 74.14897155761719
116.84845733642578 69.17378997802734
124.34481048583984 68.61753845214844
131.22885131835938 71.50542449951172
125.439697265625 74.10367584228516
117.90531921386719 74.87760925292969
78.0300521850586 125.02197265625
84.63299560546875 121.00777435302734
90.92295837402344 118.24340057373047
95.78421783447266 119.3054428100586
101.1170654296875 117.57693481445312
110.21100616455078 119.38672637939453
120.69315338134766 121.82819366455078
111.4749755859375 127.89873504638672
103.45709991455078 130.9095687866211
97.65331268310547 131.83895111083984
92.3479232788086 131.68108367919922
85.69537353515625 129.97278594970703
81.2905044555664 125.02796173095703
91.45975494384766 124.4411849975586
96.42875671386719 124.59296417236328
101.9996337890625 123.73277282714844
117.23249053955078 122.59066009521484
102.25331115722656 123.17527770996094
96.66647338867188 124.05093383789062
