89.0346908569336 167.87168884277344
89.86698913574219 194.59144592285156
94.5437240600586 220.76388549804688
101.5799560546875 245.9563446044922
111.55909729003906 269.96148681640625
127.16866302490234 290.6134033203125
146.28257751464844 307.09124755859375
166.4969024658203 319.1038513183594
189.76602172851562 321.1211242675781
214.2853546142578 316.2565002441406
239.65646362304688 303.6567687988281
264.915283203125 286.78582763671875
284.8309326171875 265.3271179199219
297.2179870605469 238.09228515625
303.4835205078125 207.49977111816406
306.840087890625 177.65225219726562
308.57098388671875 147.65057373046875
91.89527893066406 133.58070373535156
100.76130676269531 119.37248229980469
116.75646209716797 113.58967590332031
134.0514373779297 114.2529296875
149.543212890625 120.15416717529297
187.78228759765625 115.0739517211914
208.64865112304688 104.8623046875
231.264892578125 101.09740447998047
254.31307983398438 105.98082733154297
272.30023193359375 118.78971099853516
170.18795776367188 143.1809539794922
169.25457763671875 159.98646545410156
167.92332458496094 176.6249237060547
166.68931579589844 193.79376220703125
155.2924041748047 215.11578369140625
163.901123046875 216.4691162109375
172.5623779296875 217.30955505371094
182.72988891601562 214.74163818359375
192.51365661621094 212.32920837402344
111.89318084716797 156.50265502929688
121.73233795166016 146.72125244140625
136.49655151367188 145.5889129638672
150.3637237548828 155.32728576660156
137.37158203125 159.34658813476562
122.55786895751953 160.9281005859375
204.9333953857422 149.1868896484375
218.2594757080078 136.94195556640625
233.91465759277344 135.9676055908203
247.87908935546875 143.1845245361328
236.2112274169922 149.33377075195312
220.5183563232422 150.913818359375
142.50440979003906 253.37416076660156
153.45913696289062 243.34373474121094
165.3076934814453 236.87997436523438
174.5780029296875 238.76214599609375
184.62747192382812 235.36399841308594
202.88365173339844 239.83978271484375
224.1151580810547 245.93862915039062
205.97586059570312 259.3446350097656
189.92617797851562 265.62030029296875
178.91876220703125 267.6827697753906
168.81239318847656 267.5552062988281
156.15692138671875 264.04144287109375
148.9938201904297 252.9976348876953
166.72291564941406 249.66627502441406
176.10195922851562 249.69578552246094
186.5344696044922 248.02552795410156
216.9690399169922 247.19468688964844
187.18539428710938 249.45362854003906
176.728759765625 251.1081085205078
