46.217262268066406 83.61735534667969
46.803104400634766 97.3674545288086
49.064056396484375 110.84625244140625
52.28715515136719 123.95056915283203
57.04043960571289 136.53433227539062
64.97396850585938 147.3553237915039
75.13208770751953 155.73342895507812
86.09466552734375 161.6719512939453
98.39604949951172 162.67022705078125
111.43521118164062 160.29165649414062
124.97238159179688 153.6966552734375
138.12142944335938 144.77525329589844
148.0637664794922 133.35881805419922
154.0341339111328 119.1760482788086
157.0997772216797 103.97736358642578
158.8054656982422 89.10311889648438
159.62582397460938 74.16352844238281
48.98723220825195 68.03934478759766
53.982704162597656 60.308345794677734
62.93032455444336 57.07969284057617
72.62255096435547 57.68464660644531
81.0875244140625 61.34502410888672
96.39976501464844 59.1640510559082
107.21794891357422 53.69287872314453
119.17037963867188 51.64841079711914
131.33047485351562 54.1510009765625
140.85629272460938 60.99318313598633
89.90225982666016 72.6722412109375
89.54256439208984 81.62541961669922
89.03453063964844 90.48532104492188
88.5806655883789 99.61167907714844
81.74983978271484 109.83747863769531
86.38636779785156 110.83365631103516
90.97067260742188 111.5094223022461
96.39015197753906 110.18295288085938
101.5075912475586 108.83496856689453
59.749202728271484 79.25208282470703
64.8595962524414 74.94467163085938
72.13843536376953 74.35591125488281
79.2132339477539 78.859375
72.6983642578125 80.63088989257812
65.37874603271484 81.38810729980469
106.65048217773438 76.15308380126953
113.5693130493164 70.69856262207031
121.26183319091797 70.26962280273438
128.25552368164062 73.46559143066406
122.3355712890625 76.23339080810547
114.58160400390625 76.97949981689453
74.8488998413086 128.2617416381836
80.98548889160156 123.84834289550781
86.96493530273438 120.9426498413086
91.79084014892578 122.07469940185547
97.11648559570312 120.43115234375
106.15247344970703 122.66214752197266
116.64078521728516 125.591552734375
107.42161560058594 131.65330505371094
99.4616470336914 134.57901000976562
93.69718170166016 135.43936920166016
88.42430877685547 135.14794158935547
82.1053466796875 133.33199310302734
78.1281509399414 128.16695404052734
87.5528335571289 127.26863098144531
92.46530151367188 127.46334838867188
98.00360107421875 126.71879577636719
113.03038787841797 126.20185852050781
98.23954772949219 126.64982604980469
92.69949340820312 127.41168975830078
