90.58296966552734 167.50537109375
91.57147216796875 194.82717895507812
96.31761932373047 221.47164154052734
103.25947570800781 247.27951049804688
113.236572265625 271.77203369140625
129.15459442138672 292.5880584716797
148.61729431152344 308.8515319824219
169.23146057128906 320.4078369140625
192.80345153808594 322.1324462890625
217.6151123046875 317.1014404296875
243.2813720703125 304.39622497558594
268.6578063964844 287.2068405151367
288.20947265625 265.2192687988281
299.97064208984375 237.46834564208984
305.854736328125 206.6937026977539
309.0948486328125 176.8588638305664
310.79736328125 146.8753204345703
93.82716369628906 133.70185089111328
102.62724304199219 118.76618957519531
118.9170913696289 112.42716979980469
136.58460998535156 112.95378112792969
152.3318634033203 118.97945404052734
189.2228546142578 113.96512603759766
210.35629272460938 103.77487182617188
233.19857788085938 100.1528091430664
256.3983154296875 105.30638885498047
274.4477233886719 118.57935333251953
172.72967529296875 142.40123748779297
171.8751678466797 159.27000427246094
170.62013244628906 175.9886474609375
169.463623046875 193.25050354003906
157.88697814941406 215.00045776367188
166.55552673339844 216.3844451904297
175.162841796875 217.19037628173828
185.23902893066406 214.71168518066406
194.93495178222656 212.39398193359375
114.2635726928711 156.33216857910156
124.1609878540039 146.34866333007812
139.05580139160156 145.1685028076172
153.030029296875 155.0705337524414
140.0572509765625 159.16596221923828
125.05583953857422 160.82563018798828
206.8385009765625 148.90298461914062
220.35813903808594 136.55477142333984
236.1482391357422 135.64795684814453
250.16677856445312 142.98799896240234
238.44874572753906 149.19193267822266
222.5608367919922 150.75884246826172
144.96163940429688 253.5408477783203
155.8284454345703 243.13269805908203
167.54942321777344 236.5134735107422
176.864013671875 238.48854064941406
186.92483520507812 235.11221313476562
205.1349639892578 239.9401397705078
226.2904052734375 246.54373168945312
208.1334686279297 259.7759704589844
192.2235107421875 265.8957748413086
181.1934051513672 267.9012451171875
171.06015014648438 267.73045349121094
158.4945526123047 264.16636657714844
151.53050231933594 253.06912994384766
169.0006561279297 249.66172790527344
178.4107208251953 249.7198028564453
188.8682098388672 248.1233139038086
219.06114196777344 247.66411590576172
189.42669677734375 249.4131317138672
178.95230102539062 250.99190521240234
