90.76483917236328 166.72520446777344
91.85617065429688 194.06356048583984
96.58460235595703 220.69158172607422
103.46023559570312 246.39830780029297
113.59213256835938 270.7706527709961
129.81714630126953 291.40482330322266
149.60923767089844 307.4964141845703
170.28994750976562 319.081787109375
193.73660278320312 320.78834533691406
218.13296508789062 315.89869689941406
243.40960693359375 303.2825469970703
268.5038146972656 286.27413177490234
288.0528869628906 264.4342269897461
299.8779602050781 236.94768524169922
305.94671630859375 206.42739868164062
309.3825378417969 176.82989501953125
311.15460205078125 147.0595474243164
94.45346069335938 134.18270111083984
103.54689025878906 119.2439193725586
120.12995147705078 112.9065170288086
138.07318115234375 113.45066833496094
154.09962463378906 119.55719757080078
190.63551330566406 114.60308074951172
211.85549926757812 104.44237518310547
234.75506591796875 100.8879623413086
258.0157165527344 106.16986083984375
276.0154724121094 119.58476257324219
174.36978149414062 142.27407836914062
173.59567260742188 159.4542999267578
172.4630126953125 176.48016357421875
171.42471313476562 194.035400390625
159.43544006347656 215.0287094116211
168.27874755859375 216.4937515258789
177.01803588867188 217.38185119628906
187.15074157714844 214.7830581665039
196.9020538330078 212.35635375976562
115.36750030517578 155.50566864013672
125.3957290649414 145.32144927978516
140.4680633544922 144.28150177001953
154.45587158203125 154.55561065673828
141.39501953125 158.502197265625
126.20458221435547 160.0896453857422
208.3089141845703 148.5147705078125
221.85768127441406 135.76821899414062
237.68785095214844 134.78280639648438
251.64361572265625 142.40587615966797
240.03907775878906 148.59017944335938
224.1322784423828 150.20732879638672
146.0774383544922 252.11221313476562
157.60302734375 242.68733978271484
169.6302490234375 236.49610900878906
179.15415954589844 238.47257232666016
189.4518585205078 235.0515594482422
207.79774475097656 239.37933349609375
229.0496063232422 245.1230239868164
210.8200225830078 258.00994873046875
194.7884521484375 264.2060852050781
183.5172576904297 266.2443542480469
173.1937255859375 266.0693664550781
160.3190460205078 262.63658142089844
152.59451293945312 251.86238861083984
171.03427124023438 249.2581558227539
180.67617797851562 249.37771606445312
191.39666748046875 247.69144439697266
221.9863739013672 246.4272232055664
192.01243591308594 248.1750030517578
181.27203369140625 249.82656860351562
