48.52397918701172 83.21286010742188
49.474124908447266 97.08247375488281
52.2294921875 110.4394760131836
55.96180725097656 123.36510467529297
60.91606521606445 135.86810302734375
68.629638671875 146.77185821533203
78.48609161376953 155.5220184326172
89.42938232421875 161.85353088378906
101.93993377685547 162.97647094726562
115.35260009765625 160.00782775878906
128.9103546142578 151.97515869140625
141.624267578125 141.8429946899414
151.09239196777344 129.52413177490234
156.4311065673828 115.17688751220703
159.10337829589844 100.41826629638672
160.66383361816406 86.16122436523438
161.35336303710938 71.7563705444336
51.53816604614258 67.46098327636719
56.54602813720703 59.75672912597656
65.46810531616211 56.0533561706543
75.30281829833984 56.27703094482422
84.07150268554688 59.576934814453125
100.24809265136719 57.68282699584961
110.87345123291016 52.22419738769531
122.554443359375 50.11551284790039
134.47299194335938 52.297340393066406
143.60781860351562 58.87411117553711
93.5617446899414 71.53025817871094
93.4126205444336 80.34474182128906
93.15487670898438 89.0115737915039
92.92212677001953 97.96514129638672
86.00650787353516 108.64750671386719
90.54432678222656 109.54582214355469
95.07472229003906 110.17060852050781
100.34634399414062 108.78144836425781
105.2226333618164 107.23200225830078
63.03493881225586 78.95657348632812
68.12926483154297 74.75457000732422
75.35417938232422 73.90790557861328
82.4557876586914 77.86905670166016
76.08186340332031 79.86114501953125
68.85689544677734 80.80424499511719
109.8143310546875 74.66986083984375
116.48339080810547 69.62735748291016
124.03478240966797 69.11453247070312
130.93768310546875 71.95834350585938
125.14047241210938 74.71773529052734
117.55430603027344 75.46834564208984
79.08263397216797 129.36991119384766
84.6025390625 123.51988220214844
90.66996765136719 119.93724822998047
95.3944320678711 121.06126403808594
100.400634765625 119.23536682128906
109.01143646240234 121.91793823242188
118.57991790771484 125.77558898925781
110.30728149414062 133.2330780029297
102.82238006591797 136.7296600341797
97.29642486572266 137.79051971435547
92.05126190185547 137.66727447509766
85.62777709960938 135.40662384033203
82.59258270263672 129.0533676147461
91.34185028076172 126.88565063476562
96.13204956054688 126.93184661865234
101.34693908691406 126.12183380126953
114.93457794189453 126.3422622680664
101.54095458984375 127.677978515625
96.26106262207031 128.5683364868164
