95.76824188232422 166.8155975341797
96.85414123535156 193.96084594726562
101.52860260009766 220.37531280517578
108.22419738769531 245.87078857421875
117.9989013671875 270.25941467285156
133.84410858154297 291.0389633178711
153.4563446044922 307.3106689453125
174.33517456054688 319.22491455078125
198.0384521484375 321.1201934814453
222.73924255371094 315.9889221191406
248.08338928222656 302.81105041503906
273.11517333984375 285.33702850341797
292.4116516113281 263.12169647216797
303.8378601074219 235.40090942382812
309.64691162109375 204.96532440185547
312.9209899902344 175.49169921875
314.5843200683594 145.95016479492188
99.93316650390625 133.88189697265625
108.99058532714844 119.5364761352539
125.16234588623047 113.63776397705078
142.675048828125 114.27973175048828
158.4281768798828 120.25735473632812
195.59925842285156 115.4862289428711
216.4239959716797 105.31005859375
238.90496826171875 101.54583740234375
261.83831787109375 106.27222442626953
279.7054748535156 119.17169189453125
179.15362548828125 143.40780639648438
178.47018432617188 160.36238861083984
177.4203338623047 177.15897369384766
176.45703125 194.46585083007812
164.5457305908203 215.56500244140625
173.2364501953125 216.95133209228516
181.92755126953125 217.8131866455078
191.920166015625 215.24449920654297
201.4968719482422 212.84542846679688
120.50887298583984 157.15982818603516
130.4825210571289 147.8212127685547
145.06614685058594 146.61243438720703
159.0081024169922 155.80068969726562
146.0961151123047 159.79405212402344
131.38530731201172 161.41295623779297
213.0308380126953 149.79336547851562
226.338134765625 138.25377655029297
241.72340393066406 137.31771850585938
255.6241455078125 144.00731658935547
244.0091094970703 149.97550201416016
228.52090454101562 151.53411102294922
151.44325256347656 253.6517791748047
162.6527099609375 243.43685150146484
174.37034606933594 236.92239379882812
183.736083984375 238.88288116455078
193.7827911376953 235.39533233642578
211.5386199951172 239.96165466308594
232.07199096679688 246.2918930053711
214.48873901367188 259.3355941772461
198.95614624023438 265.51499938964844
187.95851135253906 267.6087188720703
177.77589416503906 267.5085983276367
165.22195434570312 264.11438751220703
158.0614013671875 253.22309112548828
175.74215698242188 249.84901428222656
185.21044921875 249.90526580810547
195.67808532714844 248.19020080566406
224.97122192382812 247.47989654541016
196.28851318359375 249.06230926513672
185.81314086914062 250.7565689086914
