91.26323699951172 166.84742736816406
92.27934265136719 193.90431213378906
96.9280014038086 220.34310913085938
103.74118041992188 245.96453094482422
113.76139831542969 270.3330078125
129.8233871459961 291.0883026123047
149.55502319335938 307.3225860595703
170.28025817871094 319.06541442871094
193.87403869628906 320.9208221435547
218.5647430419922 315.97312927246094
244.14044189453125 303.1966094970703
269.400146484375 285.88402557373047
288.9433898925781 263.68748474121094
300.66619873046875 235.88885498046875
306.58233642578125 205.24932098388672
309.84918212890625 175.58788299560547
311.541259765625 145.79438018798828
94.9862060546875 133.76290893554688
104.12954711914062 119.20635223388672
120.53826141357422 113.14273834228516
138.28167724609375 113.73170471191406
154.14068603515625 119.80290222167969
190.3961181640625 114.67709350585938
211.50698852539062 104.44962310791016
234.34246826171875 100.69147491455078
257.56219482421875 105.63783264160156
275.6976318359375 118.79721069335938
174.21636962890625 142.6542510986328
173.41432189941406 159.65084075927734
172.245361328125 176.49176025390625
171.17355346679688 193.8787384033203
159.19754028320312 215.02567291259766
168.01524353027344 216.5353775024414
176.77601623535156 217.47012329101562
186.98072814941406 214.84988403320312
196.78414916992188 212.4171600341797
115.67188262939453 156.59410858154297
125.62433624267578 147.2156753540039
140.2558135986328 145.97582244873047
154.2285919189453 155.1581039428711
141.3577880859375 159.10163116455078
126.60672760009766 160.7921600341797
208.1621856689453 149.02613067626953
221.67774963378906 137.43829345703125
237.1552276611328 136.498779296875
251.13970947265625 143.25753784179688
239.4137725830078 149.14939880371094
223.8169708251953 150.71568298339844
146.2750244140625 252.16185760498047
157.59239196777344 242.7207489013672
169.34695434570312 236.54358673095703
178.76634216308594 238.50338745117188
188.9834747314453 235.12749481201172
207.19137573242188 239.44463348388672
228.45883178710938 245.2742919921875
210.18551635742188 258.3986282348633
194.23489379882812 264.57054138183594
183.07131958007812 266.5515899658203
172.855224609375 266.3354034423828
160.19412231445312 262.804443359375
152.7650604248047 251.90277862548828
170.75572204589844 249.2393341064453
180.28208923339844 249.37516021728516
190.90835571289062 247.7053451538086
221.3323516845703 246.55738830566406
191.49594116210938 248.4391632080078
180.85877990722656 250.06371307373047
