91.43616485595703 167.96527099609375
92.45979309082031 195.04019927978516
97.1136245727539 221.47958374023438
103.93212890625 247.06797790527344
113.98049926757812 271.3674850463867
130.04694366455078 292.0141372680664
149.6879425048828 308.1023254394531
170.24118041992188 319.67088317871094
193.57472229003906 321.4971466064453
217.99098205566406 316.68194580078125
243.42105102539062 304.1398468017578
268.7122497558594 287.0811004638672
288.3678283691406 265.13243103027344
300.3312683105469 237.4710464477539
306.4441833496094 206.8357925415039
309.81024169921875 177.0588150024414
311.566162109375 147.189208984375
95.01315307617188 134.97506713867188
104.09550476074219 120.33638381958008
120.52265167236328 114.27287673950195
138.2726593017578 114.93150329589844
154.15191650390625 121.05061340332031
190.26861572265625 115.97596740722656
211.39889526367188 105.8130874633789
234.24874877929688 102.0961685180664
257.4644775390625 107.08529663085938
275.5708923339844 120.28850555419922
174.1380157470703 143.93312072753906
173.29776000976562 160.82534790039062
172.097900390625 177.57903289794922
170.99888610839844 194.87252044677734
159.03709411621094 216.10478973388672
167.8383331298828 217.55985260009766
176.56285095214844 218.4695816040039
186.75233459472656 215.92757415771484
196.54896545410156 213.57118225097656
115.6744155883789 157.73810577392578
125.59900665283203 148.39511108398438
140.22584533691406 147.16868591308594
154.17214965820312 156.42196655273438
141.30181884765625 160.36361694335938
126.55367279052734 162.01974487304688
208.08139038085938 150.4131088256836
221.60533142089844 138.81175994873047
237.09812927246094 137.9109115600586
251.06805419921875 144.6884536743164
239.3365936279297 150.6271514892578
223.72291564941406 152.1697235107422
146.12374877929688 253.28771209716797
157.43736267089844 243.88092803955078
169.12399291992188 237.68222045898438
178.51004028320312 239.66071319580078
188.69581604003906 236.29985809326172
206.81478881835938 240.71590423583984
227.968017578125 246.56124114990234
209.7501678466797 259.4064254760742
193.8964385986328 265.4728088378906
182.77352905273438 267.4221878051758
172.5895233154297 267.18668365478516
160.0391387939453 263.7357482910156
152.58761596679688 253.00231170654297
170.5141143798828 250.4409637451172
180.01321411132812 250.60061645507812
190.60281372070312 248.94993591308594
220.86016845703125 247.78791046142578
191.18763732910156 249.30794525146484
180.5923309326172 250.9081268310547
