91.25345611572266 167.44874572753906
92.38890075683594 194.66156768798828
97.18476104736328 221.1638641357422
104.10867309570312 246.75523376464844
114.19075012207031 271.0327835083008
130.2719497680664 291.59339141845703
149.9380645751953 307.64744567871094
170.55825805664062 319.229736328125
194.06698608398438 320.9597930908203
218.59361267089844 316.03131103515625
243.96310424804688 303.3306579589844
269.0914306640625 286.2191696166992
288.6108703613281 264.2659683227539
300.35076904296875 236.6854248046875
306.2958068847656 206.14041900634766
309.6154479980469 176.50836944580078
311.2899475097656 146.74017333984375
94.7884521484375 134.38712310791016
103.78205871582031 119.6008529663086
120.1733169555664 113.31998825073242
137.9420928955078 113.81922912597656
153.85150146484375 119.81148529052734
190.68785095214844 114.78266143798828
211.81326293945312 104.60397338867188
234.59683227539062 100.96675109863281
257.76580810546875 106.07095336914062
275.7811584472656 119.29512786865234
174.33584594726562 142.56961059570312
173.56686401367188 159.71735382080078
172.42694091796875 176.71161651611328
171.38258361816406 194.22889709472656
159.62767028808594 215.2637481689453
168.4078826904297 216.72174072265625
177.10206604003906 217.5981216430664
187.20858764648438 214.96560668945312
196.93838500976562 212.51165008544922
115.67127227783203 156.02081298828125
125.6183853149414 145.8796157836914
140.6193389892578 144.7730712890625
154.5895538330078 154.91085052490234
141.58334350585938 158.92293548583984
126.4783706665039 160.55104064941406
208.36068725585938 148.71336364746094
221.83201599121094 136.06580352783203
237.6276397705078 135.04582977294922
251.57858276367188 142.5658721923828
239.99449157714844 148.78491973876953
224.12986755371094 150.42186737060547
146.5280303955078 252.50697326660156
157.9077911376953 243.03204345703125
169.81109619140625 236.80681610107422
179.26171875 238.76082611083984
189.4811248779297 235.3303985595703
207.75656127929688 239.63668823242188
229.03244018554688 245.38477325439453
210.85145568847656 258.27994537353516
194.89878845214844 264.46131896972656
183.70880126953125 266.5067825317383
173.461669921875 266.3561553955078
160.67672729492188 262.9619598388672
153.0140380859375 252.2202606201172
171.25485229492188 249.570556640625
180.81715393066406 249.6694793701172
191.45822143554688 247.9698028564453
221.9545135498047 246.69055938720703
192.08499145507812 248.41200256347656
181.4261474609375 250.07054138183594
