46.290061950683594 84.01959228515625
46.91208267211914 97.53592681884766
49.260406494140625 110.76571655273438
52.59281921386719 123.68148040771484
57.23123550415039 136.1619644165039
64.94935607910156 146.95825958251953
74.94341278076172 155.41261291503906
85.90174865722656 161.4474639892578
98.40514373779297 162.41921997070312
111.84030151367188 159.8810272216797
125.63583374023438 153.1665802001953
138.86318969726562 144.2210235595703
148.73854064941406 132.88671112060547
154.53285217285156 118.80447387695312
157.31727600097656 103.6733169555664
158.76112365722656 88.90735626220703
159.39553833007812 74.05169677734375
48.73857498168945 67.97771453857422
53.45221710205078 60.05188751220703
62.24738693237305 56.58694076538086
71.85906219482422 57.032875061035156
80.22384643554688 60.551109313964844
95.75961303710938 58.285091400146484
106.4646224975586 52.742454528808594
118.3353271484375 50.67177200317383
130.44390869140625 53.14476776123047
139.98089599609375 59.88228988647461
89.22168731689453 71.99594116210938
88.88854217529297 80.96761322021484
88.37669372558594 89.82848358154297
87.90970611572266 98.95392608642578
81.4795150756836 109.25434112548828
85.99151611328125 110.22725677490234
90.4681396484375 110.8490219116211
95.79762268066406 109.48798370361328
100.82115936279297 108.09513092041016
59.4046745300293 78.67293548583984
64.4144058227539 73.932861328125
71.8005599975586 73.33440399169922
78.83939361572266 78.22088623046875
72.33709716796875 80.09143829345703
64.92855072021484 80.87374114990234
106.10205078125 75.24591064453125
112.9065933227539 69.25566864013672
120.74040985107422 68.75650024414062
127.730712890625 72.2969970703125
121.8912353515625 75.23725891113281
114.0299072265625 76.05378723144531
74.78646087646484 128.13980865478516
80.53379821777344 123.2685317993164
86.45010375976562 120.16173553466797
91.12862396240234 121.24748992919922
96.27543640136719 119.60020446777344
105.31847381591797 121.94873046875
115.8862075805664 125.15863037109375
106.70211791992188 131.40023803710938
98.7543716430664 134.36276245117188
93.15750885009766 135.2697525024414
88.0203628540039 135.048095703125
81.76153564453125 133.21747589111328
78.07959747314453 127.93441009521484
87.10884857177734 126.56063079833984
91.86090087890625 126.67157745361328
97.21902465820312 125.93482971191406
112.22554779052734 125.7520980834961
97.45063781738281 126.431640625
92.08824157714844 127.19921112060547
