94.04842376708984 168.15638732910156
95.28483581542969 195.20169067382812
100.3266372680664 221.41024780273438
107.76661682128906 246.46463012695312
118.34243774414062 270.26920318603516
134.3121109008789 290.63111877441406
153.35220336914062 306.98265075683594
173.24514770507812 319.1033630371094
196.06924438476562 321.3712158203125
220.01974487304688 316.3468780517578
244.8836669921875 302.7866516113281
269.7965393066406 285.1395492553711
289.56439208984375 263.21189880371094
301.83197021484375 235.93753814697266
308.0408935546875 205.6298828125
311.384521484375 176.25174713134766
312.8223876953125 146.76641082763672
97.84114074707031 134.70372009277344
107.39674377441406 121.15439987182617
123.7151870727539 115.70772171020508
141.21417236328125 116.50802993774414
157.1090545654297 122.28679656982422
195.7764434814453 117.78557586669922
216.3345947265625 107.74583435058594
238.45352172851562 103.70773696899414
261.15374755859375 107.75637817382812
279.0038146972656 119.79706573486328
178.31944274902344 144.25652313232422
177.67344665527344 160.69739532470703
176.72979736328125 176.99452209472656
175.83750915527344 193.83545684814453
163.58816528320312 215.0966339111328
172.336669921875 216.3542938232422
181.06729125976562 217.24051666259766
191.27471923828125 214.62276458740234
201.00729370117188 212.0799789428711
118.64765167236328 157.8082046508789
128.71125030517578 148.83116912841797
143.3671112060547 147.49193572998047
157.28897094726562 156.28086853027344
144.39096069335938 160.26638793945312
129.71851348876953 161.95127868652344
212.53273010253906 150.246337890625
225.79537963867188 139.1542205810547
241.1581573486328 138.17320251464844
254.92770385742188 144.59918975830078
243.3644561767578 150.48255920410156
227.98809814453125 151.94568634033203
150.13174438476562 253.7549285888672
161.32626342773438 243.23456573486328
173.585205078125 236.57605743408203
183.01100158691406 238.55276489257812
193.12078857421875 235.03107452392578
211.24656677246094 239.71017456054688
231.63363647460938 246.3534927368164
214.14100646972656 260.71143341064453
198.22561645507812 267.51353454589844
187.08958435058594 269.62767028808594
176.75169372558594 269.52465057373047
163.75942993164062 265.43211364746094
156.8536834716797 253.43067932128906
174.91896057128906 249.8169403076172
184.46080017089844 249.85228729248047
194.97979736328125 248.1550521850586
224.6101837158203 247.59898376464844
195.56517028808594 250.36467742919922
184.978759765625 252.08919525146484
