46.48046112060547 82.68241882324219
47.07944107055664 96.49005126953125
49.369903564453125 110.02037811279297
52.606353759765625 123.21796417236328
57.3168830871582 135.88272094726562
65.17625427246094 146.80685424804688
75.29938507080078 155.30776977539062
86.26744079589844 161.37721252441406
98.71356964111328 162.4323272705078
111.98643493652344 159.95999145507812
125.71652221679688 153.23489379882812
138.93603515625 144.19400787353516
148.89573669433594 132.66171264648438
154.7786102294922 118.40581512451172
157.7275848388672 103.17131805419922
159.3784942626953 88.29930877685547
160.25070190429688 73.28849029541016
49.19047927856445 67.25249481201172
54.073509216308594 59.47608947753906
62.95565414428711 56.15070343017578
72.61458587646484 56.657264709472656
81.07077026367188 60.21582794189453
96.72991943359375 58.02174758911133
107.55974578857422 52.60175323486328
119.49807739257812 50.59334945678711
131.62884521484375 53.12976837158203
141.13815307617188 59.961849212646484
90.0165786743164 71.67449188232422
89.6389389038086 80.645263671875
89.09761047363281 89.50469207763672
88.61026763916016 98.63902282714844
81.94933319091797 108.91718292236328
86.52371215820312 109.941650390625
91.08380126953125 110.6224136352539
96.49742126464844 109.26469421386719
101.61559295654297 107.88536071777344
60.01359176635742 78.44264221191406
65.0978012084961 74.08938598632812
72.36688995361328 73.46773529052734
79.43927764892578 77.91236114501953
72.95285034179688 79.71161651611328
65.65288543701172 80.50437927246094
106.81076049804688 75.12747192382812
113.68924713134766 69.6941909790039
121.38579559326172 69.26217651367188
128.39260864257812 72.46778869628906
122.457275390625 75.19378662109375
114.70883178710938 75.94120788574219
75.18335723876953 127.58473205566406
81.1939697265625 123.07268524169922
87.171875 120.15922546386719
91.94542694091797 121.26490020751953
97.20738220214844 119.62934112548828
106.29926300048828 121.84004974365234
116.88074493408203 124.837158203125
107.60589599609375 131.24954223632812
99.57714080810547 134.26021575927734
93.86832427978516 135.13462829589844
88.64667510986328 134.8611831665039
82.29791259765625 132.9271697998047
78.4818344116211 127.48204040527344
87.78789520263672 126.42867279052734
92.63815307617188 126.5898666381836
98.10861206054688 125.84552001953125
113.2434310913086 125.46890258789062
98.32746887207031 126.33232879638672
92.84785461425781 127.0918197631836
