91.24958038330078 167.72543334960938
92.31672668457031 194.81346130371094
97.02286529541016 221.25221252441406
103.88780212402344 246.87083435058594
113.92481994628906 271.22096252441406
129.99539947509766 291.9251708984375
149.6871795654297 308.07420349121094
170.32518005371094 319.71131896972656
193.8487091064453 321.49778747558594
218.5102996826172 316.54624938964844
244.165283203125 303.7691345214844
269.569580078125 286.44842529296875
289.2185363769531 264.2617416381836
301.0159912109375 236.40472412109375
306.9320373535156 205.6849365234375
310.1441955566406 175.91606903076172
311.7927551269531 146.07677459716797
94.62533569335938 134.7020721435547
103.56687927246094 119.9256477355957
119.9448013305664 113.67005920410156
137.71746826171875 114.17398834228516
153.63157653808594 120.18449401855469
190.13526916503906 115.00989532470703
211.29119873046875 104.79515838623047
234.16375732421875 101.05122375488281
257.3956604003906 106.06535339355469
275.50543212890625 119.28257751464844
173.85813903808594 143.24115753173828
173.05331420898438 160.1471176147461
171.8808135986328 176.89596557617188
170.8075408935547 194.1957778930664
158.99404907226562 215.69032287597656
167.77915954589844 217.1131820678711
176.4991912841797 217.9769058227539
186.6915740966797 215.3962173461914
196.49961853027344 213.01943969726562
115.4209213256836 157.50967407226562
125.31807708740234 148.10578155517578
139.954833984375 146.8040771484375
153.97415161132812 155.96900939941406
141.09909057617188 159.9656982421875
126.35150909423828 161.69384765625
207.95982360839844 149.70228576660156
221.4613800048828 138.1043701171875
236.96632385253906 137.14341735839844
250.97998046875 143.87550354003906
239.24781799316406 149.8141326904297
223.6288299560547 151.4042205810547
146.06517028808594 253.07909393310547
157.35702514648438 243.6185760498047
169.08700561523438 237.38568878173828
178.5111541748047 239.33267974853516
188.73150634765625 235.93721771240234
207.00640869140625 240.27428436279297
228.3671112060547 246.0641632080078
210.0592041015625 259.14060974121094
194.0767822265625 265.30938720703125
182.9066162109375 267.30079650878906
172.6884765625 267.1045837402344
160.02806091308594 263.6270294189453
152.54002380371094 252.78375244140625
170.52810668945312 250.15055084228516
180.05804443359375 250.2729034423828
190.6917266845703 248.58661651611328
221.24667358398438 247.35140228271484
191.2977752685547 249.1275405883789
180.65887451171875 250.76272583007812
