48.260231018066406 82.26969146728516
48.985599517822266 95.98796081542969
51.39959716796875 109.20446014404297
54.861968994140625 122.0422134399414
59.78146743774414 134.46340942382812
67.57063293457031 145.23272705078125
77.63408660888672 153.84689331054688
88.67567443847656 160.18515014648438
101.19092559814453 161.38128662109375
114.5736083984375 158.5885009765625
128.15084838867188 150.84298706054688
140.99188232421875 140.97010040283203
150.5912628173828 128.81231689453125
155.92552185058594 114.50629425048828
158.47779846191406 99.72842407226562
159.8927764892578 85.57298278808594
160.41595458984375 71.3306655883789
51.72114944458008 66.67047119140625
56.981529235839844 59.34172821044922
65.91027450561523 56.00828170776367
75.64446258544922 56.411720275878906
84.31561279296875 59.78581237792969
100.41914367675781 58.029293060302734
110.9526138305664 52.564697265625
122.51239013671875 50.33665084838867
134.3909912109375 52.40601348876953
143.529296875 58.88455581665039
93.71517181396484 71.10308837890625
93.55464935302734 79.72169494628906
93.29641723632812 88.2046127319336
93.04927825927734 96.990478515625
85.85419464111328 107.54751586914062
90.46559143066406 108.46434020996094
95.04280090332031 109.13014221191406
100.36170959472656 107.74907684326172
105.31534576416016 106.24354553222656
62.95341110229492 78.17169952392578
68.11296844482422 74.05184173583984
75.34661102294922 73.27989196777344
82.4175033569336 77.25981903076172
76.02679443359375 79.15528106689453
68.79401397705078 80.03547668457031
110.00833129882812 74.2917709350586
116.69707489013672 69.29827117919922
124.20369720458984 68.78108978271484
131.03033447265625 71.66384887695312
125.293212890625 74.34892272949219
117.75480651855469 75.06707763671875
78.36809539794922 127.59475708007812
84.3216552734375 122.20414733886719
90.65071105957031 118.88619232177734
95.47000885009766 120.0280990600586
100.6473388671875 118.24871826171875
109.53362274169922 120.73807525634766
119.27205657958984 124.35285949707031
110.75227355957031 131.74044036865234
102.95816802978516 135.19742584228516
97.27117156982422 136.19981384277344
91.93323516845703 136.04269409179688
85.26605224609375 133.75159454345703
81.8636245727539 127.3973388671875
91.25284576416016 125.55362701416016
96.14752197265625 125.64691162109375
101.53221130371094 124.85137176513672
115.70304107666016 124.9573745727539
101.72903442382812 126.51792907714844
96.28495788574219 127.3725357055664
