48.25739288330078 83.35447692871094
49.310855865478516 97.35769653320312
52.241973876953125 110.79271697998047
56.216339111328125 123.71055603027344
61.475162506103516 136.18142700195312
69.33985900878906 146.9960174560547
79.17230987548828 155.68099975585938
90.01814270019531 162.0544891357422
102.37995147705078 163.14859008789062
115.56494140625 160.04115295410156
128.77870178222656 151.72943115234375
141.25872802734375 141.4248275756836
150.6214141845703 129.1018295288086
155.97853088378906 114.8199462890625
158.6049041748047 100.11764526367188
160.05616760253906 85.91514587402344
160.47869873046875 71.54434967041016
51.1822395324707 68.21797180175781
56.318382263183594 60.57491683959961
65.34923934936523 57.027099609375
75.27460479736328 57.359825134277344
84.14541625976562 60.702232360839844
100.25950622558594 58.78459548950195
110.7569351196289 53.081077575683594
122.33810424804688 50.629337310791016
134.35116577148438 52.37371826171875
143.63134765625 58.75912857055664
93.78307342529297 72.17208862304688
93.76317596435547 81.07117462158203
93.64396667480469 89.84101104736328
93.54650115966797 98.88257598876953
86.37317657470703 109.12733459472656
91.03840637207031 110.02782440185547
95.70033264160156 110.68464660644531
101.08552551269531 109.16071319580078
106.07051849365234 107.48179626464844
62.725948333740234 79.44108581542969
67.87023162841797 75.24734497070312
75.17920684814453 74.36768341064453
82.3724594116211 78.34107208251953
75.95272827148438 80.33152770996094
68.65033721923828 81.30766296386719
110.24160766601562 74.94525146484375
116.93094635009766 69.82624816894531
124.49776458740234 69.19181823730469
131.39794921875 71.95542907714844
125.68228149414062 74.80545806884766
118.0872802734375 75.63430786132812
79.65926361083984 129.66280364990234
85.29701232910156 123.71302032470703
91.49981689453125 120.05475616455078
96.27251434326172 121.14452362060547
101.31753540039062 119.2397232055664
109.9480209350586 121.84253692626953
119.3935775756836 125.70578002929688
111.280517578125 133.41554260253906
103.82062530517578 137.11673736572266
98.23058319091797 138.23992919921875
92.92198944091797 138.16352081298828
86.36297607421875 135.87828826904297
83.23847198486328 129.33589935302734
92.20227813720703 127.06059265136719
97.03303527832031 127.05320739746094
102.29827880859375 126.18582916259766
115.76775360107422 126.30924224853516
102.48811340332031 127.89793395996094
97.15068054199219 128.84610748291016
