48.689613342285156 82.67413330078125
49.595890045166016 96.52909088134766
52.33732604980469 109.88126373291016
56.046173095703125 122.81525421142578
60.94716262817383 135.32999420166016
68.55744934082031 146.26813507080078
78.32526397705078 155.07754516601562
89.20040893554688 161.54193115234375
101.68672943115234 162.7853546142578
115.13053894042969 159.89308166503906
128.71730041503906 151.894775390625
141.46395874023438 141.8092269897461
151.0274200439453 129.54742431640625
156.4755096435547 115.25900268554688
159.1864776611328 100.47308349609375
160.75343322753906 86.15467071533203
161.43124389648438 71.67862701416016
51.9044075012207 67.0289306640625
56.970970153808594 59.58245849609375
65.77135848999023 56.01321792602539
75.4611587524414 56.250877380371094
84.14138793945312 59.455902099609375
100.71722412109375 57.60728073120117
111.14928436279297 52.23754119873047
122.57940673828125 50.0858039855957
134.29824829101562 52.056419372558594
143.39251708984375 58.3585319519043
93.7828598022461 71.31985473632812
93.63446807861328 80.11080932617188
93.37211608886719 88.75898742675781
93.12906646728516 97.69282531738281
86.24092864990234 108.35236358642578
90.72450256347656 109.24189758300781
95.21571350097656 109.87615203857422
100.44461059570312 108.48847198486328
105.28128814697266 106.95024108886719
63.29548263549805 78.66374969482422
68.35770416259766 74.53016662597656
75.52196502685547 73.67545318603516
82.56365203857422 77.55498504638672
76.239013671875 79.53446960449219
69.08858489990234 80.4701919555664
110.02159118652344 74.42277526855469
116.5929183959961 69.47319793701172
124.08745574951172 68.95406341552734
130.94869995117188 71.75312042236328
125.18115234375 74.48001098632812
117.67120361328125 75.2116928100586
79.22452545166016 129.20917510986328
84.71011352539062 123.34151458740234
90.77618408203125 119.76271057128906
95.46092987060547 120.88890075683594
100.41734313964844 119.06976318359375
108.94852447509766 121.76547241210938
118.42401885986328 125.6710433959961
110.22361755371094 133.18484497070312
102.78804779052734 136.67527770996094
97.31363677978516 137.7312774658203
92.10326385498047 137.615234375
85.69502258300781 135.3366928100586
82.73226165771484 128.9026870727539
91.42530059814453 126.72943115234375
96.17898559570312 126.77314758300781
101.33863830566406 125.96821594238281
114.7868881225586 126.23545837402344
101.53706359863281 127.56621551513672
96.30787658691406 128.45198822021484
