49.961708068847656 82.94961547851562
50.77261734008789 96.38410949707031
53.25831604003906 109.49484252929688
56.86940002441406 122.11603546142578
61.96904373168945 134.2454071044922
70.097412109375 144.77371978759766
80.56175994873047 153.2537841796875
91.79661560058594 159.67779541015625
104.27396392822266 160.77760314941406
117.18504333496094 157.94744873046875
130.25047302246094 150.48170471191406
142.90234375 141.05162811279297
152.6327667236328 129.62308502197266
158.4087677001953 115.77299499511719
161.3009490966797 101.02579498291016
162.77259826660156 86.57803344726562
163.21441650390625 72.13665771484375
53.27556228637695 67.48820495605469
58.39977264404297 60.459434509277344
67.04841232299805 57.420433044433594
76.50360870361328 57.77228546142578
85.07504272460938 60.84690856933594
104.13711547851562 58.83820724487305
114.53470611572266 53.508705139160156
125.91213989257812 51.3065299987793
137.53488159179688 53.37287902832031
146.60159301757812 59.441219329833984
95.58563995361328 72.38510131835938
95.49808502197266 81.19947052001953
95.30751037597656 89.87210845947266
95.16370391845703 98.80757141113281
88.2848892211914 109.06913757324219
92.94842529296875 109.79972076416016
97.62257385253906 110.31355285644531
102.95950317382812 108.80884552001953
107.9879379272461 107.25947570800781
64.34777450561523 79.13645935058594
69.57860565185547 74.86357879638672
76.9836654663086 74.1734619140625
84.18665313720703 78.39923095703125
77.51400756835938 80.34451293945312
70.1512680053711 81.18157958984375
112.69013977050781 75.26239013671875
119.34813690185547 69.85033416748047
127.00594329833984 69.18470001220703
133.9256591796875 72.18289184570312
128.1995849609375 75.03350067138672
120.5770263671875 75.91210174560547
80.9780044555664 127.31636047363281
87.73204040527344 123.1345443725586
94.17451477050781 120.2642593383789
99.04547882080078 121.1504898071289
104.27873229980469 119.32958221435547
113.4040756225586 120.93431854248047
123.84847259521484 123.08350372314453
114.91661071777344 129.6894989013672
106.83589935302734 133.01632690429688
101.11450958251953 134.12137603759766
95.8023910522461 134.09213256835938
88.94444274902344 132.4285430908203
84.3515853881836 127.27015686035156
94.7788314819336 126.3744888305664
99.74337768554688 126.39260864257812
105.22254943847656 125.4026107788086
120.34722137451172 123.96641540527344
105.5262451171875 125.21538543701172
100.03834533691406 126.22265625
