89.99588775634766 167.46479034423828
90.95620727539062 194.82593536376953
95.69612884521484 221.49192810058594
102.56529235839844 247.35161590576172
112.35917663574219 271.9634246826172
128.0944595336914 292.91756439208984
147.4878692626953 309.32786560058594
168.156982421875 321.0752410888672
191.92001342773438 322.8488006591797
216.94764709472656 317.7723846435547
242.78176879882812 304.83421325683594
268.26190185546875 287.4306335449219
287.8717346191406 265.2636032104492
299.6022033691406 237.37704467773438
305.4337158203125 206.51728057861328
308.6606140136719 176.64762115478516
310.338134765625 146.6560516357422
93.05149841308594 133.83676147460938
101.78555297851562 118.8077163696289
118.04497528076172 112.38835144042969
135.71424865722656 112.869384765625
151.50161743164062 118.81372833251953
188.70870971679688 113.8237075805664
209.863525390625 103.67106628417969
232.66238403320312 100.05758666992188
255.85501098632812 105.2158432006836
273.8686828613281 118.47269439697266
172.0474395751953 142.1219711303711
171.17393493652344 159.13697814941406
169.89190673828125 176.0037078857422
168.7048797607422 193.41836547851562
157.29612731933594 215.1670684814453
165.90866088867188 216.55926513671875
174.4920196533203 217.3601531982422
184.54498291015625 214.8300018310547
194.20718383789062 212.4652328491211
113.63021087646484 156.0043487548828
123.48627471923828 145.77857208251953
138.4588623046875 144.61135864257812
152.4373779296875 154.73693084716797
139.4263916015625 158.86202239990234
124.36577606201172 160.52094268798828
206.3398895263672 148.49478912353516
219.79930114746094 135.88655853271484
235.6603240966797 134.9419937133789
249.65701293945312 142.48294830322266
237.9990692138672 148.75572204589844
222.06983947753906 150.33525848388672
144.21995544433594 254.2474365234375
155.1254119873047 243.7672882080078
166.8965301513672 237.07433319091797
176.18016052246094 239.05148315429688
186.21275329589844 235.61431884765625
204.4276885986328 240.42828369140625
225.6079559326172 246.96693420410156
207.46990966796875 260.2108917236328
191.56808471679688 266.3558807373047
180.56874084472656 268.40845489501953
170.4562225341797 268.2910385131836
157.84719848632812 264.8313980102539
150.78245544433594 253.76538848876953
168.3556365966797 250.26122283935547
177.74375915527344 250.28514099121094
188.1808319091797 248.6491470336914
218.3870391845703 248.13174438476562
188.75582885742188 249.8365478515625
178.3096466064453 251.45067596435547
