46.40515899658203 82.05433654785156
47.0003547668457 95.88558197021484
49.31657409667969 109.41555786132812
52.58711242675781 122.60603332519531
57.30519485473633 135.3336944580078
65.11642456054688 146.32272338867188
75.24286651611328 154.91839599609375
86.18861389160156 161.1511688232422
98.64104461669922 162.27130126953125
111.90164184570312 159.86753845214844
125.55996704101562 153.09600830078125
138.69766235351562 143.93545532226562
148.6318817138672 132.26419830322266
154.4811248779297 117.90548706054688
157.40919494628906 102.60225677490234
159.06272888183594 87.71004486083984
159.85205078125 72.68559265136719
49.1374397277832 67.36189270019531
54.128089904785156 59.62101745605469
63.07363510131836 56.29825210571289
72.81558990478516 56.756317138671875
81.36642456054688 60.25914764404297
96.75746154785156 58.04728317260742
107.59838104248047 52.610557556152344
119.53140258789062 50.58393478393555
131.69802856445312 53.045440673828125
141.25302124023438 59.808109283447266
90.19718170166016 71.33007049560547
89.85967254638672 80.37427520751953
89.36235046386719 89.31331634521484
88.91149139404297 98.53363037109375
82.19664764404297 108.69732666015625
86.8087158203125 109.74779510498047
91.41030883789062 110.44776916503906
96.84188842773438 109.02101135253906
101.96398162841797 107.56953430175781
59.97121810913086 78.03260803222656
65.09358978271484 73.55032348632812
72.47362518310547 72.92699432373047
79.58850860595703 77.48644256591797
73.05348205566406 79.30433654785156
65.65396881103516 80.11947631835938
107.06101989746094 74.61729431152344
113.96118927001953 69.03077697753906
121.72139739990234 68.55165100097656
128.71884155273438 71.85720825195312
122.82568359375 74.6348876953125
115.02993774414062 75.400390625
75.38770294189453 127.42825317382812
81.44544982910156 122.8250503540039
87.51338195800781 119.8714828491211
92.37364959716797 120.98321533203125
97.71908569335938 119.29784393310547
106.87879180908203 121.4826431274414
117.38776397705078 124.51541900634766
108.20805358886719 130.86852264404297
100.1423568725586 133.9312515258789
94.34038543701172 134.83631896972656
89.0337142944336 134.5925521850586
82.58418273925781 132.71215057373047
78.71463775634766 127.32331085205078
88.13260650634766 126.16181182861328
93.07254028320312 126.31131744384766
98.63619995117188 125.54544830322266
113.7697525024414 125.15396118164062
98.86602783203125 125.98245239257812
93.29193115234375 126.77022552490234
