89.6012954711914 167.94075775146484
90.47679138183594 195.10677337646484
95.10791778564453 221.60320281982422
101.87236022949219 247.29759979248047
111.56912231445312 271.8008346557617
127.18761444091797 292.727783203125
146.51913452148438 309.13893127441406
167.17483520507812 320.97691345214844
190.97303771972656 322.8482360839844
216.12017822265625 317.7970275878906
242.0565185546875 304.8697052001953
267.58221435546875 287.4795608520508
287.2110290527344 265.2849578857422
298.89642333984375 237.42301177978516
304.67315673828125 206.61688232421875
307.8051452636719 176.8329315185547
309.4226379394531 146.9327621459961
92.65618896484375 134.39115142822266
101.37480163574219 119.4945068359375
117.58277130126953 113.18996810913086
135.19256591796875 113.68854522705078
150.92294311523438 119.61522674560547
187.76963806152344 114.574462890625
208.90036010742188 104.4771728515625
231.69064331054688 100.87035369873047
254.87506103515625 106.0076675415039
272.8603210449219 119.2664566040039
171.24258422851562 142.7461395263672
170.3486328125 159.5998306274414
169.0526123046875 176.29141235351562
167.84986877441406 193.5534896850586
156.35633850097656 215.28854370117188
164.98724365234375 216.69435119628906
173.6165313720703 217.5134048461914
183.706298828125 214.98571014404297
193.39891052246094 212.6373062133789
113.10062408447266 156.76696014404297
122.92220306396484 146.97891998291016
137.61314392089844 145.7262954711914
151.53762817382812 155.27001953125
138.66018676757812 159.30281829833984
123.88787078857422 160.99937438964844
205.57046508789062 149.0697250366211
218.98374938964844 137.09123992919922
234.58851623535156 136.21709442138672
248.5465087890625 143.3199462890625
236.8345184326172 149.3136978149414
221.15098571777344 150.83710479736328
143.5607147216797 254.51212310791016
154.31680297851562 243.8890151977539
165.99432373046875 237.16323852539062
175.25279235839844 239.13818359375
185.26467895507812 235.70924377441406
203.4386444091797 240.5827865600586
224.50196838378906 247.26097869873047
206.4199676513672 260.5604782104492
190.52639770507812 266.71593475341797
179.55535888671875 268.7530975341797
169.46385192871094 268.6128387451172
156.96629333496094 265.1087112426758
150.12779235839844 253.99713134765625
167.42886352539062 250.3693389892578
176.78982543945312 250.39572143554688
187.2052459716797 248.76702117919922
217.2847442626953 248.3818588256836
187.76150512695312 250.12438201904297
177.33834838867188 251.73151397705078
