46.30713653564453 82.61353302001953
46.87161636352539 96.3077163696289
49.12174987792969 109.74476623535156
52.33467102050781 122.87991333007812
57.005802154541016 135.55223083496094
64.82905578613281 146.5409927368164
74.9598159790039 155.13560485839844
85.98301696777344 161.3427276611328
98.52225494384766 162.44540405273438
111.89602661132812 159.9671630859375
125.6871337890625 153.15501403808594
138.92428588867188 144.0095977783203
148.88938903808594 132.39573669433594
154.73570251464844 118.08897399902344
157.63328552246094 102.84794616699219
159.2178497314453 88.0071029663086
160.00698852539062 73.06944274902344
49.0648078918457 67.14400482177734
54.006675720214844 59.460357666015625
62.87382125854492 56.21238327026367
72.49964141845703 56.75415802001953
80.93589782714844 60.3253173828125
96.58697509765625 58.11008071899414
107.35338592529297 52.642311096191406
119.23629760742188 50.56924819946289
131.32366943359375 53.029518127441406
140.81787109375 59.7903938293457
89.88851165771484 71.7711181640625
89.53827667236328 80.67129516601562
89.02900695800781 89.4626235961914
88.56916046142578 98.53438568115234
81.84693145751953 108.91210174560547
86.44279479980469 109.91315460205078
91.01486206054688 110.58758544921875
96.42587280273438 109.2288589477539
101.53803253173828 107.85742950439453
59.85734176635742 78.51447296142578
64.9341049194336 74.19522857666016
72.18505096435547 73.57536315917969
79.24864959716797 77.98036193847656
72.76542663574219 79.77872467041016
65.49028778076172 80.56597137451172
106.66645812988281 75.17940521240234
113.50528717041016 69.77667236328125
121.17272186279297 69.32369232177734
128.17300415039062 72.49028778076172
122.25949096679688 75.2179946899414
114.54440307617188 75.9776611328125
74.9424057006836 127.64925384521484
80.97201538085938 123.06613159179688
86.99397277832031 120.12435150146484
91.8139419555664 121.23302459716797
97.13029479980469 119.59196472167969
106.26087188720703 121.8182144165039
116.83196258544922 124.87239837646484
107.57135009765625 131.31655883789062
99.49846649169922 134.3411636352539
93.7333755493164 135.21552276611328
88.45783233642578 134.94457244873047
82.06365966796875 133.00045013427734
78.25423431396484 127.5474853515625
87.6050033569336 126.44742584228516
92.50334167480469 126.60723114013672
98.02946472167969 125.86563110351562
113.18755340576172 125.50979614257812
98.25053405761719 126.35955810546875
92.71646118164062 127.1207504272461
