91.40033721923828 167.32193756103516
92.54965209960938 194.14226531982422
97.31330108642578 220.2629623413086
104.36582946777344 245.33904266357422
114.5684814453125 269.05323028564453
130.63494110107422 289.2061233520508
150.13980102539062 305.1159973144531
170.4757080078125 316.7150573730469
193.63462829589844 318.60386657714844
217.8104248046875 313.6973571777344
242.98016357421875 301.0720520019531
268.07940673828125 284.28759002685547
287.81036376953125 262.8996276855469
299.901611328125 235.8538589477539
306.0046691894531 205.65575408935547
309.3143615722656 176.22667694091797
310.92572021484375 146.69912719726562
94.93998718261719 134.0921173095703
104.00419616699219 120.11869049072266
120.1221694946289 114.33517837524414
137.5358428955078 114.94921112060547
153.30807495117188 120.7110595703125
192.5638427734375 116.05938720703125
213.34107971191406 106.3045883178711
235.68429565429688 102.72978973388672
258.3854675292969 107.49290466308594
276.15130615234375 120.02334594726562
174.54273986816406 143.45691680908203
173.72384643554688 160.35259246826172
172.56900024414062 177.07284545898438
171.5017547607422 194.29942321777344
159.75790405273438 215.03103637695312
168.46380615234375 216.39582061767578
177.14993286132812 217.26656341552734
187.26988220214844 214.64649963378906
197.0154571533203 212.1977310180664
115.53162384033203 156.65501403808594
125.55016326904297 147.32861328125
140.27273559570312 146.20525360107422
154.19219970703125 155.5493392944336
141.1781463623047 159.43364715576172
126.41158294677734 160.99063873291016
209.06312561035156 149.74633026123047
222.48341369628906 138.12117767333984
237.9878692626953 137.1683578491211
251.8563232421875 144.0268096923828
240.2002716064453 149.92021942138672
224.6685028076172 151.44345092773438
146.51123046875 251.16354370117188
158.3226776123047 242.43695068359375
170.32864379882812 236.578125
179.65138244628906 238.41158294677734
189.7538299560547 235.03256225585938
208.0481414794922 238.90235900878906
229.42041015625 243.92214965820312
211.0919647216797 257.0677490234375
194.96511840820312 263.33834075927734
183.9139862060547 265.3715057373047
173.77615356445312 265.2301940917969
160.91993713378906 261.7218017578125
152.93316650390625 251.05386352539062
171.67469787597656 248.83290100097656
181.1265411376953 248.94034576416016
191.64158630371094 247.17393493652344
222.4790496826172 245.3270034790039
192.28427124023438 247.63544464111328
181.7512969970703 249.31015014648438
